object_list:
- arm_name: left
  object_name: glue
  pick_pose:
    orientation:
      w: 0.0
      x: 0.0
      y: 0.0
      z: 0.0
    position:
      x: 0.630964994430542
      y: 0.1305498629808426
      z: 0.6779288053512573
  place_pose:
    orientation:
      w: 0.0
      x: 0.0
      y: 0.0
      z: 0.0
    position:
      x: 0
      y: 0.71
      z: 0.605
  test_scene_num: 2
